{
 "cells": [
  {
   "cell_type": "code",
   "execution_count": 991,
   "metadata": {},
   "outputs": [],
   "source": [
    "import numpy as np\n",
    "\n",
    "e = 0.0001\n",
    "A = np.array([[864, 307, 269, -369, 275],[307, 537, 195, -280, 192],[269, 195, 412, -289, -4],\\\n",
    "              [-369, -280, -289, 375, -174],[275, 192, -4, -174, 377]])"
   ]
  },
  {
   "cell_type": "code",
   "execution_count": 992,
   "metadata": {},
   "outputs": [
    {
     "name": "stdout",
     "output_type": "stream",
     "text": [
      "\n",
      "\n",
      "2 ітерація: y= [1535.53566122 1019.1872214   741.48885587 -983.43239227  690.73551263]\n",
      "y(i)k/y(i)k-1= [1535.53566122 1442.50893796 1711.91080617 1796.0651289  1395.99099099]\n",
      "\n",
      "\n",
      "3 ітерація: y= [ 1557.69264734  1023.28173856   780.66765836 -1012.83905409\n",
      "   681.5307836 ]\n",
      "y(i)k/y(i)k-1= [1557.69264734 1541.70457405 1616.67032415 1581.45135227 1515.07314059]\n",
      "\n",
      "\n",
      "4 ітерація: y= [ 1560.73929073  1023.56069924   789.74417835 -1017.73699148\n",
      "   677.20933511]\n",
      "y(i)k/y(i)k-1= [1560.73929073 1558.11729579 1575.80333542 1565.2254148  1547.81563416]\n",
      "\n",
      "\n",
      "5 ітерація: y= [ 1561.39503716  1023.73902674   792.0765291  -1018.89640837\n",
      "   675.93745132]\n",
      "y(i)k/y(i)k-1= [1561.39503716 1561.01120692 1565.34862064 1562.51730165 1557.80802722]\n",
      "\n",
      "\n",
      "6 ітерація: y= [ 1561.58902482  1023.84214365   792.71240651 -1019.22386385\n",
      "   675.60712781]\n",
      "y(i)k/y(i)k-1= [1561.58902482 1561.5523099  1562.64852187 1561.89684222 1560.63199987]\n",
      "\n",
      "\n",
      "7 ітерація: y= [ 1561.65138205  1023.88605839   792.88943866 -1019.3210888\n",
      "   675.52515195]\n",
      "y(i)k/y(i)k-1= [1561.65138205 1561.65600465 1561.93776602 1561.73798662 1561.39954694]\n",
      "\n",
      "\n",
      "8 ітерація: y= [ 1561.67118962  1023.90199285   792.93891081 -1019.34996961\n",
      "   675.50514755]\n",
      "y(i)k/y(i)k-1= [1561.67118962 1561.67568561 1561.74882091 1561.69562891 1561.6051367 ]\n",
      "\n",
      "\n",
      "9 ітерація: y= [ 1561.67729623  1023.90727538   792.95270267 -1019.35843925\n",
      "   675.50028872]\n",
      "y(i)k/y(i)k-1= [1561.67729623 1561.67924661 1561.69835232 1561.68416532 1561.65995669]\n",
      "\n",
      "\n",
      "10 ітерація: y= [ 1561.67912786  1023.90893184   792.95653184 -1019.36088799\n",
      "   675.4991075 ]\n",
      "y(i)k/y(i)k-1= [1561.67912786 1561.67982269 1561.68483757 1561.68104775 1561.67456539]\n",
      "\n",
      "найбільше власне число 1561.6798802533858\n",
      "відповідний власний вектор [ 1.          0.65564617  0.50775894 -0.65273389  0.43254667]\n"
     ]
    }
   ],
   "source": [
    "y = np.array([1,1,1,1,1])\n",
    "x = y/y.max()\n",
    "y = np.dot(A, x)\n",
    "I_k = np.average(y/x)\n",
    "I = 0\n",
    "x = y/y.max()\n",
    "k=1\n",
    "while abs(I_k - I) >=e:\n",
    "    k+=1\n",
    "    I = I_k\n",
    "    y = np.dot(A, x)\n",
    "    I_k = y/x\n",
    "    x = y/y.max()\n",
    "    print('\\n')\n",
    "    print(k, 'ітерація: y=', y)\n",
    "    print('y(i)k/y(i)k-1=',  I_k)\n",
    "    I_k = np.average(I_k)\n",
    "print(\"\\nнайбільше власне число\", I_k)\n",
    "print('відповідний власний вектор', x)"
   ]
  },
  {
   "cell_type": "code",
   "execution_count": null,
   "metadata": {},
   "outputs": [],
   "source": []
  },
  {
   "cell_type": "code",
   "execution_count": 993,
   "metadata": {},
   "outputs": [],
   "source": [
    "def get_max(B):\n",
    "    matr = abs(B)\n",
    "    for i in range(len(matr)):\n",
    "        matr[i, i] = 0\n",
    "        max_el = matr.max()\n",
    "        ind = np.unravel_index(np.argmax(matr, axis=None), matr.shape)\n",
    "    return max_el, ind"
   ]
  },
  {
   "cell_type": "code",
   "execution_count": 994,
   "metadata": {},
   "outputs": [],
   "source": [
    "def summ(B):\n",
    "    summ=0\n",
    "    for i in range(len(B)):\n",
    "        for j in range(len(B[0])):\n",
    "            if i!=j:\n",
    "                summ+=B[i,j]**2\n",
    "    return summ"
   ]
  },
  {
   "cell_type": "code",
   "execution_count": 995,
   "metadata": {},
   "outputs": [
    {
     "name": "stdout",
     "output_type": "stream",
     "text": [
      "\n",
      "\n",
      "k = 2\n",
      "c, s = 0.8810085113667264 0.4731004152390743\n",
      "c^2 + s^2 =  0.9999999999999999\n",
      "A = [[ 1.06215252e+03  4.02937729e+02  3.73717310e+02  8.77649009e-15\n",
      "   3.24596813e+02]\n",
      " [ 4.02937729e+02  5.37000000e+02  1.95000000e+02 -1.01440556e+02\n",
      "   1.92000000e+02]\n",
      " [ 3.73717310e+02  1.95000000e+02  4.12000000e+02 -1.27347448e+02\n",
      "  -4.00000000e+00]\n",
      " [ 1.12949670e-14 -1.01440556e+02 -1.27347448e+02  1.76847484e+02\n",
      "  -2.31928668e+01]\n",
      " [ 3.24596813e+02  1.92000000e+02 -4.00000000e+00 -2.31928668e+01\n",
      "   3.77000000e+02]]\n",
      "max_element = 402.9377292565258\n",
      "index =  (0, 1)\n",
      "pow sum of diag elem = 1759685.0\n",
      "pow sum of non-diag elem = 1018673.9999999999\n",
      "full sum = 2778359.0\n",
      "\n",
      "\n",
      "k = 3\n",
      "c, s = 0.8791935340264122 -0.47646482527690115\n",
      "c^2 + s^2 =  1.0\n",
      "A = [[ 1.28051815e+03  2.00494906e-14  4.21480483e+02 -4.83328566e+01\n",
      "   3.76864666e+02]\n",
      " [ 1.90902795e-14  3.18634365e+02 -6.62041347e+00 -8.91858807e+01\n",
      "   1.41461948e+01]\n",
      " [ 4.21480483e+02 -6.62041347e+00  4.12000000e+02 -1.27347448e+02\n",
      "  -4.00000000e+00]\n",
      " [-4.83328566e+01 -8.91858807e+01 -1.27347448e+02  1.76847484e+02\n",
      "  -2.31928668e+01]\n",
      " [ 3.76864666e+02  1.41461948e+01 -4.00000000e+00 -2.31928668e+01\n",
      "   3.77000000e+02]]\n",
      "max_element = 421.4804830494263\n",
      "index =  (0, 2)\n",
      "pow sum of diag elem = 2084402.6273168107\n",
      "pow sum of non-diag elem = 693956.3726831893\n",
      "full sum = 2778359.0\n",
      "\n",
      "\n",
      "k = 4\n",
      "c, s = 0.9267108144386272 -0.37577528710985836\n",
      "c^2 + s^2 =  1.0000000000000004\n",
      "A = [[ 1.45142578e+03 -2.48778777e+00 -4.10920306e-15 -9.26446048e+01\n",
      "   3.47741460e+02]\n",
      " [-2.48778777e+00  3.18634365e+02 -6.13520876e+00 -8.91858807e+01\n",
      "   1.41461948e+01]\n",
      " [ 1.34422108e-14 -6.13520876e+00  2.41092369e+02 -9.98519642e+01\n",
      "  -1.45323271e+02]\n",
      " [-9.26446048e+01 -8.91858807e+01 -9.98519642e+01  1.76847484e+02\n",
      "  -2.31928668e+01]\n",
      " [ 3.47741460e+02  1.41461948e+01 -1.45323271e+02 -2.31928668e+01\n",
      "   3.77000000e+02]]\n",
      "max_element = 347.7414599507617\n",
      "index =  (0, 4)\n",
      "pow sum of diag elem = 2439694.222499967\n",
      "pow sum of non-diag elem = 338664.777500034\n",
      "full sum = 2778359.000000001\n",
      "\n",
      "\n",
      "k = 5\n",
      "c, s = 0.9590295271653115 -0.28330613481723105\n",
      "c^2 + s^2 =  1.0000000000000002\n",
      "A = [[ 1.55415180e+03  1.62184184e+00 -4.11709742e+01 -9.54195930e+01\n",
      "  -2.45711415e-14]\n",
      " [ 1.62184184e+00  3.18634365e+02 -6.13520876e+00 -8.91858807e+01\n",
      "   1.42714240e+01]\n",
      " [-4.11709742e+01 -6.13520876e+00  2.41092369e+02 -9.98519642e+01\n",
      "  -1.39369308e+02]\n",
      " [-9.54195930e+01 -8.91858807e+01 -9.98519642e+01  1.76847484e+02\n",
      "   4.00414083e+00]\n",
      " [-1.08346400e-14  1.42714240e+01 -1.39369308e+02  4.00414083e+00\n",
      "   2.74273977e+02]]\n",
      "max_element = 139.3693080054035\n",
      "index =  (2, 4)\n",
      "pow sum of diag elem = 2681542.4684373415\n",
      "pow sum of non-diag elem = 96816.53156265963\n",
      "full sum = 2778359.000000001\n",
      "\n",
      "\n",
      "k = 6\n",
      "c, s = 0.7477323745058725 -0.664000222978735\n",
      "c^2 + s^2 =  1.0\n",
      "A = [[ 1.55415180e+03  1.62184184e+00 -3.07848703e+01 -9.54195930e+01\n",
      "   2.73375361e+01]\n",
      " [ 1.62184184e+00  3.18634365e+02  4.88873454e+00 -8.91858807e+01\n",
      "   1.47449858e+01]\n",
      " [-3.07848703e+01  4.88873454e+00  1.17329838e+02 -7.20037959e+01\n",
      "   1.99974427e-14]\n",
      " [-9.54195930e+01 -8.91858807e+01 -7.20037959e+01  1.76847484e+02\n",
      "   6.92957523e+01]\n",
      " [ 2.73375361e+01  1.47449858e+01 -1.05078133e-15  6.92957523e+01\n",
      "   3.98036509e+02]]\n",
      "max_element = 95.41959299686806\n",
      "index =  (0, 3)\n",
      "pow sum of diag elem = 2720390.0764651513\n",
      "pow sum of non-diag elem = 57968.9235348496\n",
      "full sum = 2778359.000000001\n",
      "\n",
      "\n",
      "k = 7\n",
      "c, s = 0.9976313502230207 0.06878727391162472\n",
      "c^2 + s^2 =  1.0000000000000002\n",
      "A = [[ 1.56073104e+03  7.75285387e+00 -2.57590069e+01 -3.87467213e-15\n",
      "   2.25061171e+01]\n",
      " [ 7.75285387e+00  3.18634365e+02  4.88873454e+00 -8.88630685e+01\n",
      "   1.47449858e+01]\n",
      " [-2.57590069e+01  4.88873454e+00  1.17329838e+02 -7.39508515e+01\n",
      "   1.99974427e-14]\n",
      " [ 6.79224734e-15 -8.88630685e+01 -7.39508515e+01  1.70268246e+02\n",
      "   7.10120895e+01]\n",
      " [ 2.25061171e+01  1.47449858e+01 -1.05078133e-15  7.10120895e+01\n",
      "   3.98036509e+02]]\n",
      "max_element = 88.86306846797547\n",
      "index =  (1, 3)\n",
      "pow sum of diag elem = 2738599.8739205287\n",
      "pow sum of non-diag elem = 39759.1260794737\n",
      "full sum = 2778359.0000000023\n",
      "\n",
      "\n",
      "k = 8\n",
      "c, s = 0.905773011291527 0.42376320276291046\n",
      "c^2 + s^2 =  1.0000000000000002\n",
      "A = [[ 1.56073104e+03  7.02232579e+00 -2.57590069e+01  3.28537419e+00\n",
      "   2.25061171e+01]\n",
      " [ 7.02232579e+00  3.60208686e+02  3.57657335e+01 -3.26430547e-14\n",
      "  -1.67367003e+01]\n",
      " [-2.57590069e+01  3.57657335e+01  1.17329838e+02 -6.49110196e+01\n",
      "   1.99974427e-14]\n",
      " [ 3.28537419e+00  5.10605216e-15 -6.49110196e+01  1.28693925e+02\n",
      "   7.05692165e+01]\n",
      " [ 2.25061171e+01 -1.67367003e+01 -1.05078133e-15  7.05692165e+01\n",
      "   3.98036509e+02]]\n",
      "max_element = 70.56921651644448\n",
      "index =  (3, 4)\n",
      "pow sum of diag elem = 2754393.163795617\n",
      "pow sum of non-diag elem = 23965.83620438552\n",
      "full sum = 2778359.0000000023\n",
      "\n",
      "\n",
      "k = 9\n",
      "c, s = 0.971019626751874 0.23899975828994252\n",
      "c^2 + s^2 =  0.9999999999999997\n",
      "A = [[ 1.56073104e+03  7.02232579e+00 -2.57590069e+01 -2.18879374e+00\n",
      "   2.26390851e+01]\n",
      " [ 7.02232579e+00  3.60208686e+02  3.57657335e+01  4.00006733e+00\n",
      "  -1.62516645e+01]\n",
      " [-2.57590069e+01  3.57657335e+01  1.17329838e+02 -6.30298740e+01\n",
      "  -1.55137180e+01]\n",
      " [-2.18879374e+00  4.00006733e+00 -6.30298740e+01  1.11324527e+02\n",
      "   2.13630779e-14]\n",
      " [ 2.26390851e+01 -1.62516645e+01 -1.55137180e+01  8.88710566e-15\n",
      "   4.15405906e+02]]\n",
      "max_element = 63.02987402613794\n",
      "index =  (2, 3)\n",
      "pow sum of diag elem = 2764353.1924351063\n",
      "pow sum of non-diag elem = 14005.80756489588\n",
      "full sum = 2778359.0000000023\n",
      "\n",
      "\n",
      "k = 10\n",
      "c, s = 0.723734979123399 0.6900780245691448\n",
      "c^2 + s^2 =  1.0\n",
      "A = [[ 1.56073104e+03  7.02232579e+00 -1.71322559e+01 -1.93598312e+01\n",
      "   2.26390851e+01]\n",
      " [ 7.02232579e+00  3.60208686e+02  2.31245538e+01  2.75761353e+01\n",
      "  -1.62516645e+01]\n",
      " [-1.71322559e+01  2.31245538e+01  1.77428537e+02 -1.15697877e-14\n",
      "  -1.12278204e+01]\n",
      " [-1.93598312e+01  2.75761353e+01  9.99560749e-15  5.12258280e+01\n",
      "  -1.07056759e+01]\n",
      " [ 2.26390851e+01 -1.62516645e+01 -1.12278204e+01 -1.07056759e+01\n",
      "   4.15405906e+02]]\n",
      "max_element = 27.576135338715744\n",
      "index =  (3, 1)\n",
      "pow sum of diag elem = 2772298.722474608\n",
      "pow sum of non-diag elem = 6060.277525394244\n",
      "full sum = 2778359.0000000023\n",
      "\n",
      "\n",
      "k = 11\n",
      "c, s = 0.9961025013321068 0.08820321331969858\n",
      "c^2 + s^2 =  1.0\n",
      "A = [[ 1.56073104e+03  5.28735697e+00 -1.71322559e+01 -1.99037680e+01\n",
      "   2.26390851e+01]\n",
      " [ 5.28735697e+00  3.62650507e+02  2.30344259e+01 -5.41012753e-16\n",
      "  -1.71325987e+01]\n",
      " [-1.71322559e+01  2.30344259e+01  1.77428537e+02 -2.03965995e+00\n",
      "  -1.12278204e+01]\n",
      " [-1.99037680e+01  3.03127421e-14 -2.03965995e+00  4.87840072e+01\n",
      "  -9.23050148e+00]\n",
      " [ 2.26390851e+01 -1.71325987e+01 -1.12278204e+01 -9.23050148e+00\n",
      "   4.15405906e+02]]\n",
      "max_element = 23.034425883822692\n",
      "index =  (1, 2)\n",
      "pow sum of diag elem = 2773819.6089550466\n",
      "pow sum of non-diag elem = 4539.391044955911\n",
      "full sum = 2778359.0000000023\n",
      "\n",
      "\n",
      "k = 12\n",
      "c, s = 0.9925808590219058 -0.12158634094064788\n",
      "c^2 + s^2 =  1.0\n",
      "A = [[ 1.56073104e+03  3.16508102e+00 -1.76480196e+01 -1.99037680e+01\n",
      "   2.26390851e+01]\n",
      " [ 3.16508102e+00  3.65472112e+02  3.35352168e-14 -2.47994790e-01\n",
      "  -1.83706391e+01]\n",
      " [-1.76480196e+01  3.85875917e-15  1.74606932e+02 -2.02452743e+00\n",
      "  -9.06142961e+00]\n",
      " [-1.99037680e+01 -2.47994790e-01 -2.02452743e+00  4.87840072e+01\n",
      "  -9.23050148e+00]\n",
      " [ 2.26390851e+01 -1.83706391e+01 -9.06142961e+00 -9.23050148e+00\n",
      "   4.15405906e+02]]\n",
      "max_element = 22.639085099851968\n",
      "index =  (0, 4)\n",
      "pow sum of diag elem = 2774880.7785066413\n",
      "pow sum of non-diag elem = 3478.2214933612695\n",
      "full sum = 2778359.0000000023\n",
      "\n",
      "\n",
      "k = 13\n",
      "c, s = 0.9998048521144973 -0.019754940858123717\n",
      "c^2 + s^2 =  0.9999999999999998\n",
      "A = [[ 1.56117836e+03  2.80155247e+00 -1.78235837e+01 -2.00822318e+01\n",
      "  -6.85699775e-15]\n",
      " [ 2.80155247e+00  3.65472112e+02  3.35352168e-14 -2.47994790e-01\n",
      "  -1.84295801e+01]\n",
      " [-1.78235837e+01  3.85875917e-15  1.74606932e+02 -2.02452743e+00\n",
      "  -8.71102570e+00]\n",
      " [-2.00822318e+01 -2.47994790e-01 -2.02452743e+00  4.87840072e+01\n",
      "  -8.83550241e+00]\n",
      " [-3.41089980e-15 -1.84295801e+01 -8.71102570e+00 -8.83550241e+00\n",
      "   4.14958585e+02]]\n",
      "max_element = 20.082231821677645\n",
      "index =  (0, 3)\n",
      "pow sum of diag elem = 2775905.8348549576\n",
      "pow sum of non-diag elem = 2453.165145044591\n",
      "full sum = 2778359.0000000023\n",
      "\n",
      "\n",
      "k = 14\n",
      "c, s = 0.9999118842892077 0.013274925883252657\n",
      "c^2 + s^2 =  0.9999999999999998\n",
      "A = [[ 1.56144498e+03  2.80459772e+00 -1.77951377e+01 -2.26047318e-14\n",
      "   1.17290640e-01]\n",
      " [ 2.80459772e+00  3.65472112e+02  3.35352168e-14 -2.10782537e-01\n",
      "  -1.84295801e+01]\n",
      " [-1.77951377e+01  3.85875917e-15  1.74606932e+02 -2.26095579e+00\n",
      "  -8.71102570e+00]\n",
      " [ 2.25717782e-16 -2.10782537e-01 -2.26095579e+00  4.85173936e+01\n",
      "  -8.83472386e+00]\n",
      " [ 1.17290640e-01 -1.84295801e+01 -8.71102570e+00 -8.83472386e+00\n",
      "   4.14958585e+02]]\n",
      "max_element = 18.429580081866753\n",
      "index =  (1, 4)\n",
      "pow sum of diag elem = 2776712.426924835\n",
      "pow sum of non-diag elem = 1646.5730751653875\n",
      "full sum = 2778359.0000000005\n",
      "\n",
      "\n",
      "k = 15\n",
      "c, s = 0.9492061518371666 -0.31465486062426795\n",
      "c^2 + s^2 =  0.9999999999999997\n",
      "A = [[ 1.56144498e+03  2.69904748e+00 -1.77951377e+01 -2.26047318e-14\n",
      "  -7.71147308e-01]\n",
      " [ 2.69904748e+00  3.59362842e+02 -2.74096658e+00 -2.97996489e+00\n",
      "   6.22725356e-16]\n",
      " [-1.77951377e+01 -2.74096658e+00  1.74606932e+02 -2.26095579e+00\n",
      "  -8.26855919e+00]\n",
      " [ 2.25717782e-16 -2.97996489e+00 -2.26095579e+00  4.85173936e+01\n",
      "  -8.31965049e+00]\n",
      " [-7.71147308e-01  1.59440461e-14 -8.26855919e+00 -8.31965049e+00\n",
      "   4.21067855e+02]]\n",
      "max_element = 17.79513768575416\n",
      "index =  (0, 2)\n",
      "pow sum of diag elem = 2777391.7257688227\n",
      "pow sum of non-diag elem = 967.274231177508\n",
      "full sum = 2778359.0\n",
      "\n",
      "\n",
      "k = 16\n",
      "c, s = 0.9999177142496397 0.012828278519589374\n",
      "c^2 + s^2 =  1.0000000000000002\n",
      "A = [[ 1.56167328e+03  2.73398727e+00 -6.65144359e-15  2.90041706e-02\n",
      "  -6.65012473e-01]\n",
      " [ 2.73398727e+00  3.59362842e+02 -2.70611690e+00 -2.97996489e+00\n",
      "   6.22725356e-16]\n",
      " [-1.36914986e-15 -2.70611690e+00  1.74378632e+02 -2.26076974e+00\n",
      "  -8.27777129e+00]\n",
      " [ 2.90041706e-02 -2.97996489e+00 -2.26076974e+00  4.85173936e+01\n",
      "  -8.31965049e+00]\n",
      " [-6.65012473e-01  1.59440461e-14 -8.27777129e+00 -8.31965049e+00\n",
      "   4.21067855e+02]]\n",
      "max_element = 8.319650490265541\n",
      "index =  (4, 3)\n",
      "pow sum of diag elem = 2778025.059619335\n",
      "pow sum of non-diag elem = 333.94038066761254\n",
      "full sum = 2778359.000000003\n",
      "\n",
      "\n",
      "k = 17\n",
      "c, s = 0.9997509910968049 0.022314923279194293\n",
      "c^2 + s^2 =  1.0\n",
      "A = [[ 1.56167328e+03  2.73398727e+00 -6.65144359e-15  1.41572459e-02\n",
      "  -6.65494105e-01]\n",
      " [ 2.73398727e+00  3.59362842e+02 -2.70611690e+00 -2.97922285e+00\n",
      "   6.64976878e-02]\n",
      " [-1.36914986e-15 -2.70611690e+00  1.74378632e+02 -2.44492462e+00\n",
      "  -8.22526115e+00]\n",
      " [ 1.41572459e-02 -2.97922285e+00 -2.44492462e+00  4.83316950e+01\n",
      "   1.51254029e-15]\n",
      " [-6.65494105e-01  6.64976878e-02 -8.22526115e+00 -9.33539728e-15\n",
      "   4.21253554e+02]]\n",
      "max_element = 8.225261151772445\n",
      "index =  (4, 2)\n",
      "pow sum of diag elem = 2778163.4927878957\n",
      "pow sum of non-diag elem = 195.5072121072614\n",
      "full sum = 2778359.000000003\n",
      "\n",
      "\n",
      "k = 18\n",
      "c, s = 0.9994466597310717 0.033262206066394955\n",
      "c^2 + s^2 =  1.0\n",
      "A = [[ 1.56167328e+03  2.73398727e+00 -2.21358021e-02  1.41572459e-02\n",
      "  -6.65125860e-01]\n",
      " [ 2.73398727e+00  3.59362842e+02 -2.70240764e+00 -2.97922285e+00\n",
      "   1.56472310e-01]\n",
      " [-2.21358021e-02 -2.70240764e+00  1.74104890e+02 -2.44357175e+00\n",
      "   2.11975714e-15]\n",
      " [ 1.41572459e-02 -2.97922285e+00 -2.44357175e+00  4.83316950e+01\n",
      "   8.13235866e-02]\n",
      " [-6.65125860e-01  1.56472310e-01 -1.45496764e-14  8.13235866e-02\n",
      "   4.21527296e+02]]\n",
      "max_element = 2.979222848325427\n",
      "index =  (1, 3)\n",
      "pow sum of diag elem = 2778298.8026299253\n",
      "pow sum of non-diag elem = 60.19737007754768\n",
      "full sum = 2778359.000000003\n",
      "\n",
      "\n",
      "k = 19\n",
      "c, s = 0.9999541374010108 0.009577217476930761\n",
      "c^2 + s^2 =  1.0\n",
      "A = [[ 1.56167328e+03  2.73372629e+00 -2.21358021e-02  4.03405873e-02\n",
      "  -6.65125860e-01]\n",
      " [ 2.73372629e+00  3.59391376e+02 -2.67888108e+00 -3.77877879e-14\n",
      "   1.55686280e-01]\n",
      " [-2.21358021e-02 -2.67888108e+00  1.74104890e+02 -2.46934122e+00\n",
      "   2.11975714e-15]\n",
      " [ 4.03405873e-02  5.59170166e-16 -2.46934122e+00  4.83031610e+01\n",
      "   8.28184262e-02]\n",
      " [-6.65125860e-01  1.55686280e-01 -1.45496764e-14  8.28184262e-02\n",
      "   4.21527296e+02]]\n",
      "max_element = 2.7337262937768654\n",
      "index =  (0, 1)\n",
      "pow sum of diag elem = 2778316.5541674853\n",
      "pow sum of non-diag elem = 42.44583251757937\n",
      "full sum = 2778359.000000003\n",
      "\n",
      "\n",
      "k = 20\n",
      "c, s = 0.9999974149956927 -0.0022737638250461007\n",
      "c^2 + s^2 =  0.9999999999999998\n",
      "A = [[ 1.56167949e+03  1.28412693e-15 -2.82268877e-02  4.03404830e-02\n",
      "  -6.64770147e-01]\n",
      " [ 5.80001295e-16  3.59385160e+02 -2.67882383e+00 -9.17249681e-05\n",
      "   1.57198217e-01]\n",
      " [-2.82268877e-02 -2.67882383e+00  1.74104890e+02 -2.46934122e+00\n",
      "   2.11975714e-15]\n",
      " [ 4.03404830e-02 -9.17249681e-05 -2.46934122e+00  4.83031610e+01\n",
      "   8.28184262e-02]\n",
      " [-6.64770147e-01  1.57198217e-01 -1.45496764e-14  8.28184262e-02\n",
      "   4.21527296e+02]]\n",
      "max_element = 2.6788238259266755\n",
      "index =  (2, 1)\n",
      "pow sum of diag elem = 2778331.500686382\n",
      "pow sum of non-diag elem = 27.49931361900538\n",
      "full sum = 2778359.000000001\n",
      "\n",
      "\n",
      "k = 21\n",
      "c, s = 0.9998955399104261 -0.014453693895937451\n",
      "c^2 + s^2 =  1.0\n",
      "A = [[ 1.56167949e+03  4.07982795e-04 -2.82239392e-02  4.03404830e-02\n",
      "  -6.64770147e-01]\n",
      " [ 4.07982795e-04  3.59423883e+02  1.83072328e-15  3.55993868e-02\n",
      "   1.57181796e-01]\n",
      " [-2.82239392e-02 -2.59279324e-14  1.74066167e+02 -2.46908460e+00\n",
      "   2.27209491e-03]\n",
      " [ 4.03404830e-02  3.55993868e-02 -2.46908460e+00  4.83031610e+01\n",
      "   8.28184262e-02]\n",
      " [-6.64770147e-01  1.57181796e-01  2.27209491e-03  8.28184262e-02\n",
      "   4.21527296e+02]]\n",
      "max_element = 2.4690846018767583\n",
      "index =  (2, 3)\n",
      "pow sum of diag elem = 2778345.8528805627\n",
      "pow sum of non-diag elem = 13.147119438300662\n",
      "full sum = 2778359.000000001\n",
      "\n",
      "\n",
      "k = 22\n",
      "c, s = 0.9998074798934602 0.01962149711637552\n",
      "c^2 + s^2 =  0.9999999999999998\n",
      "A = [[ 1.56167949e+03  4.07982795e-04 -2.90100461e-02  3.97789207e-02\n",
      "  -6.64770147e-01]\n",
      " [ 4.07982795e-04  3.59423883e+02 -6.98513265e-04  3.55925332e-02\n",
      "   1.57181796e-01]\n",
      " [-2.90100461e-02 -6.98513265e-04  1.74114624e+02 -1.57176842e-14\n",
      "   6.46635971e-04]\n",
      " [ 3.97789207e-02  3.55925332e-02  5.33558961e-17  4.82547046e+01\n",
      "   8.28470639e-02]\n",
      " [-6.64770147e-01  1.57181796e-01  6.46635971e-04  8.28470639e-02\n",
      "   4.21527296e+02]]\n",
      "max_element = 0.6647701472972023\n",
      "index =  (0, 4)\n",
      "pow sum of diag elem = 2778358.045638105\n",
      "pow sum of non-diag elem = 0.9543618958509188\n",
      "full sum = 2778359.000000001\n",
      "\n",
      "\n",
      "k = 23\n",
      "c, s = 0.999999830024253 0.0005830535696150585\n",
      "c^2 + s^2 =  0.9999999999999999\n",
      "A = [[ 1.56167988e+03  3.16337318e-04 -2.90104182e-02  3.97306097e-02\n",
      "  -3.54194043e-15]\n",
      " [ 3.16337318e-04  3.59423883e+02 -6.98513265e-04  3.55925332e-02\n",
      "   1.57182007e-01]\n",
      " [-2.90104182e-02 -6.98513265e-04  1.74114624e+02 -1.57176842e-14\n",
      "   6.29721451e-04]\n",
      " [ 3.97306097e-02  3.55925332e-02  5.33558961e-17  4.82547046e+01\n",
      "   8.28702431e-02]\n",
      " [ 5.63808007e-17  1.57182007e-01  6.29721451e-04  8.28702431e-02\n",
      "   4.21526908e+02]]\n",
      "max_element = 0.15718200702075183\n",
      "index =  (4, 1)\n",
      "pow sum of diag elem = 2778358.9294768022\n",
      "pow sum of non-diag elem = 0.07052319837583548\n",
      "full sum = 2778359.0000000005\n",
      "\n",
      "\n",
      "k = 24\n",
      "c, s = 0.9999967971064722 -0.0025309636103728202\n",
      "c^2 + s^2 =  0.9999999999999999\n",
      "A = [[ 1.56167988e+03  3.16336305e-04 -2.90104182e-02  3.97306097e-02\n",
      "   8.00638238e-07]\n",
      " [ 3.16336305e-04  3.59423485e+02 -7.00104830e-04  3.53826776e-02\n",
      "   4.44361476e-17]\n",
      " [-2.90104182e-02 -7.00104830e-04  1.74114624e+02 -1.57176842e-14\n",
      "   6.27951522e-04]\n",
      " [ 3.97306097e-02  3.53826776e-02  5.33558961e-17  4.82547046e+01\n",
      "   8.29600611e-02]\n",
      " [ 8.00638242e-07  1.57439739e-14  6.27951522e-04  8.29600611e-02\n",
      "   4.21527306e+02]]\n",
      "max_element = 0.08296006105251223\n",
      "index =  (3, 4)\n",
      "pow sum of diag elem = 2778358.9788891687\n",
      "pow sum of non-diag elem = 0.02111083171369705\n",
      "full sum = 2778359.0000000005\n",
      "\n",
      "\n",
      "k = 25\n",
      "c, s = 0.9999999753023378 0.00022225058730107245\n",
      "c^2 + s^2 =  0.9999999999999997\n",
      "A = [[ 1.56167988e+03  3.16336305e-04 -2.90104182e-02  3.97306085e-02\n",
      "   9.63078955e-06]\n",
      " [ 3.16336305e-04  3.59423485e+02 -7.00104830e-04  3.53826767e-02\n",
      "   7.86382088e-06]\n",
      " [-2.90104182e-02 -7.00104830e-04  1.74114624e+02 -1.39562610e-07\n",
      "   6.27951506e-04]\n",
      " [ 3.97306085e-02  3.53826767e-02 -1.39562594e-07  4.82546861e+01\n",
      "   1.06284852e-14]\n",
      " [ 9.63078956e-06  7.86382090e-06  6.27951506e-04  1.73748581e-17\n",
      "   4.21527324e+02]]\n",
      "max_element = 0.03973060852299202\n",
      "index =  (3, 0)\n",
      "pow sum of diag elem = 2778358.992653912\n",
      "pow sum of non-diag elem = 0.0073460882540256935\n",
      "full sum = 2778359.0\n",
      "\n",
      "\n",
      "k = 26\n",
      "c, s = 0.9999999996554134 2.6252112515246684e-05\n",
      "c^2 + s^2 =  1.0000000000000002\n",
      "A = [[ 1.56167988e+03  3.17265175e-04 -2.90104182e-02 -1.68542732e-18\n",
      "   9.63078955e-06]\n",
      " [ 3.17265175e-04  3.59423485e+02 -7.00104830e-04  3.53826684e-02\n",
      "   7.86382088e-06]\n",
      " [-2.90104182e-02 -7.00104830e-04  1.74114624e+02  6.22022154e-07\n",
      "   6.27951506e-04]\n",
      " [ 2.29029781e-14  3.53826684e-02  6.22022169e-07  4.82546851e+01\n",
      "  -2.52817942e-10]\n",
      " [ 9.63078955e-06  7.86382090e-06  6.27951506e-04 -2.52828554e-10\n",
      "   4.21527324e+02]]\n",
      "max_element = 0.03538266842877416\n",
      "index =  (3, 1)\n",
      "pow sum of diag elem = 2778358.995810956\n",
      "pow sum of non-diag elem = 0.004189045746813023\n",
      "full sum = 2778359.000000002\n",
      "\n",
      "\n",
      "k = 27\n",
      "c, s = 0.9999999935351409 0.00011370891850403112\n",
      "c^2 + s^2 =  1.0\n",
      "A = [[ 1.56167988e+03  3.17265173e-04 -2.90104182e-02 -3.60758800e-08\n",
      "   9.63078955e-06]\n",
      " [ 3.17265173e-04  3.59423489e+02 -7.00104755e-04 -3.54258527e-18\n",
      "   7.86382080e-06]\n",
      " [-2.90104182e-02 -7.00104755e-04  1.74114624e+02  7.01630313e-07\n",
      "   6.27951506e-04]\n",
      " [-3.60758570e-08  3.74771337e-14  7.01630328e-07  4.82546811e+01\n",
      "  -1.14700451e-09]\n",
      " [ 9.63078955e-06  7.86382082e-06  6.27951506e-04 -1.14701512e-09\n",
      "   4.21527324e+02]]\n",
      "max_element = 0.029010418236038563\n",
      "index =  (0, 2)\n",
      "pow sum of diag elem = 2778358.998314822\n",
      "pow sum of non-diag elem = 0.0016851792965345317\n",
      "full sum = 2778359.0000000014\n",
      "\n",
      "\n",
      "k = 28\n",
      "c, s = 0.9999999997814397 2.0907426197025444e-05\n",
      "c^2 + s^2 =  0.9999999999999999\n",
      "A = [[ 1.56167988e+03  3.17279810e-04 -4.87621416e-15 -3.60905492e-08\n",
      "   9.61766070e-06]\n",
      " [ 3.17279810e-04  3.59423489e+02 -7.00098121e-04 -3.54258527e-18\n",
      "   7.86382080e-06]\n",
      " [-1.81733859e-19 -7.00098121e-04  1.74114623e+02  7.01629558e-07\n",
      "   6.27951708e-04]\n",
      " [-3.60905263e-08  3.74771337e-14  7.01629574e-07  4.82546811e+01\n",
      "  -1.14700451e-09]\n",
      " [ 9.61766070e-06  7.86382082e-06  6.27951708e-04 -1.14701512e-09\n",
      "   4.21527324e+02]]\n",
      "max_element = 0.0007000981213930994\n",
      "index =  (2, 1)\n",
      "pow sum of diag elem = 2778358.9999980307\n",
      "pow sum of non-diag elem = 1.970564075057131e-06\n",
      "full sum = 2778359.0000000014\n",
      "\n",
      "власне число 1561.6798819858172\n",
      "власний вектор [ 1.          0.65564586  0.50775958 -0.65273402  0.43254599]\n",
      "\n",
      "власне число 359.4234892994435\n",
      "власний вектор [-0.79202804  1.         -0.19920573 -0.10414158  0.39199079]\n",
      "\n",
      "власне число 174.11462316397333\n",
      "власний вектор [-0.61542225 -0.86309866  0.48457624 -0.77016836  1.        ]\n",
      "\n",
      "власне число 48.2546810566117\n",
      "власний вектор [0.01455046 0.07583974 0.74839419 1.         0.48192617]\n",
      "\n",
      "власне число 421.5273244941542\n",
      "власний вектор [ 0.50736409 -0.17772723 -1.13822901  0.37601422  1.        ]\n"
     ]
    }
   ],
   "source": [
    "max_el, ind = get_max(A)\n",
    "A_new = A.copy()\n",
    "i = ind[1] \n",
    "j = ind[0]\n",
    "k=1\n",
    "vect = np.eye(A_new.shape[0])\n",
    "while  summ(A_new) >= e:\n",
    "    T = (A_new[i,i] - A_new[j,j])/(2*A_new[i,j])\n",
    "    if T==0:\n",
    "        c = np.sqrt(2)/2 \n",
    "        s = np.sqrt(2)/2\n",
    "    elif T<0:\n",
    "        t = 1/(T - np.sqrt(T**2 + 1))\n",
    "        c = 1/(np.sqrt(1+ t**2))\n",
    "        s = c*t\n",
    "    else:\n",
    "        t = 1/(T + np.sqrt(T**2 + 1))\n",
    "        c = 1/(np.sqrt(1+ t**2))\n",
    "        s = c*t\n",
    "    k+=1\n",
    "    print('\\n\\nk =', k)\n",
    "    print('c, s =', c, s)\n",
    "    print('c^2 + s^2 = ', c**2 + s**2)\n",
    "    T_matr = np.eye(A_new.shape[0])\n",
    "    T_matr[i,i] = c\n",
    "    T_matr[j,j] = c\n",
    "    T_matr[i,j] = -s\n",
    "    T_matr[j,i] = s\n",
    "    vect = np.dot(vect, T_matr)\n",
    "    B = np.dot(np.dot(T_matr.T, A_new), T_matr)\n",
    "    max_el, ind = get_max(B)\n",
    "    A_new = B\n",
    "    print('A =', A_new)\n",
    "    print('max_element =', max_el)\n",
    "    print('index = ',ind)\n",
    "    sum_d =0\n",
    "    sum_nd = 0\n",
    "    for i in range(len(B)):\n",
    "        for j in range(len(B)):\n",
    "            if j==i:\n",
    "                sum_d += B[i,j]**2\n",
    "            else:\n",
    "                sum_nd+= B[i,j]**2\n",
    "    print('pow sum of diag elem =', sum_d)\n",
    "    print('pow sum of non-diag elem =', sum_nd)\n",
    "    print('full sum =', sum_nd + sum_d)\n",
    "    i = ind[1] \n",
    "    j = ind[0]\n",
    "for i in range(5):\n",
    "    print('\\nвласне число',A_new[i,i])\n",
    "    print('власний вектор',vect[:,i]/np.max(vect[:,i]))"
   ]
  },
  {
   "cell_type": "code",
   "execution_count": null,
   "metadata": {},
   "outputs": [],
   "source": []
  },
  {
   "cell_type": "code",
   "execution_count": 996,
   "metadata": {},
   "outputs": [],
   "source": [
    "A = np.array([[-888, 92, 138,671,148],[-61, -493, -974,739,98],[-231, -208, -833,804,621],\\\n",
    "              [7, 42, 359,-477,29],[-866, 58, 976,-247,-592]])\n",
    "A_new = A.copy()"
   ]
  },
  {
   "cell_type": "code",
   "execution_count": 997,
   "metadata": {},
   "outputs": [
    {
     "name": "stdout",
     "output_type": "stream",
     "text": [
      "k =0\n",
      "Q = [[ 0.70298613 -0.11395853  0.48272763 -0.13163662 -0.49241221]\n",
      " [ 0.04829027  0.90668554 -0.21797186 -0.18857714 -0.30416496]\n",
      " [ 0.18287135  0.39514311  0.49643651  0.55254962  0.50858598]\n",
      " [-0.00554156 -0.07735371 -0.30876513  0.8010901  -0.50685741]\n",
      " [ 0.68556977 -0.05303886 -0.61455447  0.00735003  0.38658731]]\n",
      "R = [[ 1.26318288e+03 -4.23604536e+01 -5.64771743e+02 -4.87726684e+02\n",
      "   1.83680449e+02]\n",
      " [ 2.75248224e-15  5.45995048e+02  1.30752837e+03 -9.61267553e+02\n",
      "  -3.46529174e+02]\n",
      " [-8.55181066e-14 -2.83767215e-15  8.45262355e+02 -8.61039950e+02\n",
      "  -7.13231512e+02]\n",
      " [ 9.62303028e-15 -1.48289253e-14  2.32352858e-14  1.67372568e+02\n",
      "  -3.24050836e+02]\n",
      " [ 6.71809067e-14 -3.68126763e-15  6.83605672e-15  2.81501081e-15\n",
      "   3.04120002e+01]]\n",
      "k = 2\n",
      "Q = [[-0.91569403 -0.033707   -0.38419243 -0.11197595  0.01502795]\n",
      " [-0.03339287 -0.96451591  0.21016586 -0.15463383  0.02264214]\n",
      " [ 0.33121267 -0.24785909 -0.85755224  0.30190549 -0.04817965]\n",
      " [ 0.22416203  0.08421533 -0.2683186  -0.93211553  0.04271914]\n",
      " [-0.02095002 -0.00682256  0.0289099  -0.05969486 -0.99755466]]\n",
      "R = [[-9.95204051e+02  4.55028132e+02  2.63238427e+01  7.46365872e+02\n",
      "   6.49208543e+02]\n",
      " [-4.59961243e-15 -1.16082943e+03 -1.28164409e+03  2.44235233e+02\n",
      "  -9.66610462e+02]\n",
      " [-1.15279873e-13 -2.56280480e-14 -9.29869745e+02  4.58282119e+02\n",
      "  -4.85268902e+01]\n",
      " [-1.76501325e-14  1.20550112e-14 -8.63512127e-14 -7.16532438e+01\n",
      "   3.06406495e+02]\n",
      " [ 4.02789911e-15 -7.53148822e-16  1.21205443e-14 -2.70016186e-16\n",
      "  -3.85511383e+01]]\n",
      "k = 3\n",
      "Q = [[-9.43290321e-01 -2.96979606e-01 -1.47707934e-01 -1.37277255e-02\n",
      "   6.32649820e-04]\n",
      " [ 2.76904963e-01 -9.49866188e-01  1.43482532e-01 -2.21245444e-02\n",
      "   1.06518275e-03]\n",
      " [ 1.82003153e-01 -9.60466770e-02 -9.75921807e-01  7.22039014e-02\n",
      "  -3.62102420e-03]\n",
      " [ 2.00336422e-02  1.82201774e-02 -7.18631534e-02 -9.96974130e-01\n",
      "   1.20394688e-02]\n",
      " [-7.19718907e-04 -6.32567051e-04  2.72824773e-03 -1.22977239e-02\n",
      "  -9.99920199e-01]]\n",
      "R = [[-1.12217039e+03  7.87779499e+02  7.55808585e+01  4.14715946e+02\n",
      "   8.80433640e+02]\n",
      " [ 3.88578792e-14 -1.31210972e+03 -8.68926439e+02  6.30620499e+02\n",
      "  -7.91365502e+02]\n",
      " [-3.10922650e-14  4.43933391e-15 -5.90036924e+02  7.31648804e+02\n",
      "   1.48981761e+02]\n",
      " [ 6.22896587e-15  2.47345385e-15  1.33716168e-14 -8.15251948e+01\n",
      "   3.01639677e+02]\n",
      " [-8.19224653e-17  2.72577697e-17 -5.20759677e-16 -1.41965361e-16\n",
      "  -4.18963061e+01]]\n",
      "k = 4\n",
      "Q = [[-9.29105942e-01 -3.65224988e-01 -5.80629826e-02 -1.24351705e-03\n",
      "   2.42404268e-05]\n",
      " [ 3.63792576e-01 -9.30856515e-01  3.39853169e-02 -2.47101026e-03\n",
      "   4.94589069e-05]\n",
      " [ 6.64481417e-02 -1.04960423e-02 -9.97605229e-01  1.60677647e-02\n",
      "  -3.33600018e-04]\n",
      " [ 1.32436639e-03  2.58619475e-03 -1.60443628e-02 -9.99859602e-01\n",
      "   3.86166170e-03]\n",
      " [-2.15821499e-05 -4.14041773e-05  2.71118663e-04 -3.86666114e-03\n",
      "  -9.99992487e-01]]\n",
      "R = [[-1.39715292e+03  8.78613726e+02  9.25095173e+01  1.02256001e+02\n",
      "   1.09514112e+03]\n",
      " [-1.66891075e-13 -1.09806785e+03 -6.40279971e+02  7.69591226e+02\n",
      "  -4.24859848e+02]\n",
      " [-2.10896608e-14 -5.19434362e-15 -5.12016441e+02  7.73026628e+02\n",
      "   2.20605598e+02]\n",
      " [-6.40792706e-16  5.88398114e-16 -3.48743796e-15 -8.78583463e+01\n",
      "   2.99285227e+02]\n",
      " [ 1.81746425e-17 -5.25664620e-18  6.95930036e-17  1.80048857e-16\n",
      "  -4.29967546e+01]]\n",
      "k = 5\n",
      "Q = [[-9.64867586e-01 -2.61973996e-01 -2.00040164e-02 -8.44529258e-05\n",
      "   7.54479507e-07]\n",
      " [ 2.62003903e-01 -9.65066078e-01  1.15810201e-03 -2.81452481e-04\n",
      "   2.56238658e-06]\n",
      " [ 1.96084569e-02  4.12271550e-03 -9.99793702e-01  3.32627797e-03\n",
      "  -3.14010118e-05]\n",
      " [ 7.29688417e-05  3.07463945e-04 -3.32429432e-03 -9.99993049e-01\n",
      "   1.65839892e-03]\n",
      " [-5.51332231e-07 -2.29008909e-06  2.58694382e-05 -1.65849491e-03\n",
      "  -9.99998624e-01]]\n",
      "R = [[-1.68312743e+03  5.67744148e+02  1.47343651e+02 -1.16769523e+02\n",
      "   1.16414653e+03]\n",
      " [-7.24548949e-14 -9.14052167e+02 -5.70880924e+02  7.72747532e+02\n",
      "  -1.27226785e+02]\n",
      " [-7.94513657e-15  1.34897867e-16 -4.98014507e+02  7.82759447e+02\n",
      "   2.40795487e+02]\n",
      " [-1.99597754e-17  1.78408506e-17  2.32845679e-17 -8.90624470e+01\n",
      "   2.98797571e+02]\n",
      " [ 1.69757418e-19 -1.56695009e-19 -5.11527475e-19 -6.32408445e-19\n",
      "  -4.34861669e+01]]\n",
      "k = 6\n",
      "Q = [[-9.90170774e-01 -1.39740901e-01 -5.85820600e-03 -4.60217208e-06\n",
      "   1.95986155e-08]\n",
      " [ 1.39758824e-01 -9.90181703e-01 -2.76859996e-03 -3.11164667e-05\n",
      "   1.34738870e-07]\n",
      " [ 5.41380047e-03  3.56010162e-03 -9.99978798e-01  6.47925056e-04\n",
      "  -2.90539951e-06]\n",
      " [ 3.71588496e-06  3.37608590e-05 -6.47800437e-04 -9.99999478e-01\n",
      "   7.89729838e-04]\n",
      " [-1.33697425e-08 -1.19836289e-07  2.39326348e-06 -7.89731558e-04\n",
      "  -9.99999688e-01]]\n",
      "R = [[-1.79325259e+03  2.28338877e+02  1.93404998e+02 -2.26622981e+02\n",
      "   1.16956313e+03]\n",
      " [ 1.12959513e-14 -8.56502062e+02 -5.44070421e+02  7.47667147e+02\n",
      "   3.45818335e+01]\n",
      " [ 1.90468318e-16 -4.59755310e-16 -4.96216285e+02  7.86203749e+02\n",
      "   2.46135203e+02]\n",
      " [ 1.09708150e-18  3.52058520e-18  6.54232621e-17 -8.90512236e+01\n",
      "   2.98756556e+02]\n",
      " [-2.47994891e-21  1.42344924e-21 -3.11039479e-20 -9.63369711e-18\n",
      "  -4.37214889e+01]]\n",
      "k = 7\n",
      "Q = [[-9.97707473e-01 -6.76548164e-02 -1.61993202e-03 -2.31438145e-07\n",
      "   4.79097333e-10]\n",
      " [ 6.76580144e-02 -9.97706550e-01 -2.00817631e-03 -3.33871506e-06\n",
      "   7.02383691e-09]\n",
      " [ 1.48035398e-03  2.11317347e-03 -9.99996664e-01  1.21410238e-04\n",
      "  -2.64184212e-07]\n",
      " [ 1.84747004e-07  3.60327937e-06 -1.21402847e-04 -9.99999918e-01\n",
      "   3.86482591e-04]\n",
      " [-3.22464802e-10 -6.20580411e-09  2.17248378e-07 -3.86482621e-04\n",
      "  -9.99999925e-01]]\n",
      "R = [[-1.81274063e+03  3.21315553e+01  2.20629254e+02 -2.77082120e+02\n",
      "   1.16439745e+03]\n",
      " [ 1.93336442e-14 -8.45947143e+02 -5.31239927e+02  7.29364037e+02\n",
      "   1.12530761e+02]\n",
      " [-5.98087347e-17 -2.82111372e-16 -4.96494699e+02  7.87842157e+02\n",
      "   2.47511426e+02]\n",
      " [ 9.71549657e-20 -5.32050367e-19 -2.11898948e-18 -8.89083162e+01\n",
      "   2.98780444e+02]\n",
      " [-3.82070010e-22  9.91371127e-22  1.14590307e-20  7.50912407e-18\n",
      "  -4.38368993e+01]]\n",
      "k = 8\n",
      "Q = [[-9.99487134e-01 -3.20198661e-02 -4.43980002e-04 -1.14176306e-08\n",
      "   1.16009002e-11]\n",
      " [ 3.20203760e-02 -9.99486504e-01 -1.19341950e-03 -3.53423101e-07\n",
      "   3.64887986e-10]\n",
      " [ 4.05538888e-04  1.20702383e-03 -9.99999189e-01  2.22492387e-05\n",
      "  -2.37411273e-08]\n",
      " [ 9.11796748e-09  3.80462641e-07 -2.22487979e-05 -9.99999982e-01\n",
      "   1.90598198e-04]\n",
      " [-7.80118228e-12 -3.21212695e-10  1.95000870e-08 -1.90598198e-04\n",
      "  -9.99999982e-01]]\n",
      "R = [[-1.81201471e+03 -6.40121630e+01  2.34874289e+02 -3.00194727e+02\n",
      "   1.16021277e+03]\n",
      " [-4.08647898e-15 -8.45370819e+02 -5.25004215e+02  7.19284874e+02\n",
      "   1.49179873e+02]\n",
      " [-3.37970148e-17 -2.01761148e-16 -4.96936295e+02  7.88743148e+02\n",
      "   2.47864214e+02]\n",
